0.8535890144000104 12.026150479999997 45.036088873599994 2.9769955999999986  -10.418150763199996 -13.760014087999998 3.4752881135999982 -17.1997346208 -13.413903083200003 -14.502846780800002 45.20956475839999 21.775349339200005 14.844518051199998
-25.636929396179998 -0.7494482976200043 21.270298568928 4.401418414056001  -17.924609192348 -3.6720246121839986 -21.447362884216002 0.18111079439599997 -47.667966307512 -20.126689664888 3.3256108085839955 20.15132750182 33.581848109188
19.49622854136551 2.350634145513321 2.8134291899239834 8.985320153878906  -6.242391741952533 9.197845859086915 -20.116103971025584 -27.27545352851892 -19.093317698199122 -24.681119709965124 16.198445599957754 32.79630525661781 4.524308019332656
28.902857676827317 -0.3555907994897306 -15.06504735180152 7.223163892677581  -4.571233118039053 15.212811734381743 -31.248054809820513 -17.72653990817038 -6.196579929963981 -24.885905831399306 0.30544097319915336 27.92210626873235 -10.409677132813345
1.1733136138240101 11.383748940799995 43.13128979865599 3.7785020159999987  -10.220135772671997 -12.451851604479998 2.737216109055998 -7.260890835967999 -15.299324559872002 -14.531953389568 43.57339400806399 21.183004805632006 9.743466289151996
3.7601675922100966 9.247953049302343 53.196694260734866 6.798965436463764  -19.789946045120868 -7.669954124164839 -1.7921075068680006 -8.411598305234207 -15.556246767255193 -15.778947688603957 35.96929933450609 22.495044840536316 5.833701792563437
21.261400284320004 1.354222425360002 -9.79706933544 7.8386385508800025  -5.035371898880002 16.566080858640007 -32.01303750056 -43.1375333456 -13.713118289199999 -32.69504119976 5.117946402479996 26.84923430328 -7.8440522588800015
18.84933780879968 0.5003764501512021 -11.661941786558877 15.980211161822403  -10.178190718941442 15.118135928560804 -25.667335705410082 -25.09137992265536 -15.519946830790241 -25.644559885926558 3.4371460930948787 28.46768520402864 -12.735348659503359
-19.00695848 -2.1646204399999993 0.5071295600000021 6.159735280000001  -26.77399088 -1.9345087599999973 -25.207231559999997 7.3710768 -60.28550220000001 -31.681751560000002 -14.30315652 13.133030680000001 60.03968912
6.703024668890876 14.623269120059748 0.78081003029293 0.8011972634870148  -16.18881768000304 -12.903551035397486 -20.475715075048566 -4.8583500783166365 -46.60760882689161 -35.820863854629295 25.871271107282688 -1.8802531714535284 55.29457804779997
-13.105852052449801 2.5693421603629982 1.0613022359936022 3.499033209835602  -22.353295356769404 -5.340440384992396 -39.544731875870795 4.932224593242199 -60.4244810255908 -32.162840995801204 -0.6975034649564016 7.5129712766446 63.1773726564074
-19.23047119217898 -0.03056503156970236 0.3469177187673622 6.337636615219562  -21.533001023654943 0.2001600788007618 -31.15516333174308 6.78978608558222 -57.46387520897109 -27.638160103152124 -13.39918104065964 11.92352881017046 55.38424142813474
-17.943616035268 -0.3998570620200006 1.0750243525760024 2.584051213096001  -20.249639236604004 -3.172028382983999 -41.285548372328 7.788718812652 -68.02389138912801 -29.493191631992 -7.478382829623996 8.401167559035999 53.493391895284006
-0.3013586914533999 -7.610521292699 -21.817417807031198 4.948615515098801  -13.403218934628203 5.710120775746803 -37.112918480032405 -15.128094658561396 -43.584043494160404 -30.934023937487602 -1.8100346751772003 16.7027975939458 25.891542025910205
-25.52272230633048 19.9412231146628 0.7325032152153621 2.2968986112625607  -26.05519252347944 -3.121815873366239 -39.73610028020208 13.120158126880721 -67.90446346665009 -30.930050939513123 -16.814986185476638 12.81147004877096 56.15610620194425
-11.134575079829327 14.019391915229765 -0.945275298849882 4.544638170730808  -19.426341609845398 15.217809302307586 -36.354850262066584 -1.9361948326789822 -52.57084787612097 -31.610383650757868 -11.694914770604731 18.491915123483388 37.56432310666982
5.63823225891084 15.679698896441511 1.2875293838484243 0.24312109133679094  -17.28916721203725 -13.936739654204038 -30.661780167205986 -3.5095427135368764 -50.05146467921335 -36.205817927855904 27.72008188899906 -3.904808347736756 60.393183039919116
7.289461899019162 13.484388640443699 -0.6787305371005949 3.115731893660041  -16.716484494875555 -9.988110322423472 -29.440800239397788 -5.047205085815794 -45.36561363829821 -34.14753556062615 24.182271741023033 0.7604133791275105 49.75301534239316
-67.20999695149932 24.832672999723577 1.2851228439502944 0.8908036943267292  -58.05675645418507 -3.1056669687564304 -28.2112638502997 41.6925822742175 -76.80075308990523 -38.186468137881945 -66.25589183725597 38.88227762427669 68.18779554783234
-56.12329810305448 18.623295508587155 1.1061843886417273 2.1026579590315815  -50.861720372122505 -2.836300580742451 -9.520336423530772 33.79863601514748 -73.00224538522703 -36.6903833249691 -54.3067627142871 32.95995082709305 66.3137310694309
8.320662044038233 1.7440258883618558 -4.823515414358611 7.749449734151426  -3.6480295550816666 17.952560527164604 -25.75530860571179 -17.290539194492432 -13.832254052695546 -26.623255480250393 -1.6270600621017133 25.90466921652675 13.854488495619469
-30.015445782973956 9.83016156444384 -1.7378667805221155 2.3528545786768804  -27.77850938348189 3.0509563937423305 -15.359332713066024 17.944833262880053 -43.830556654995426 -34.644132734901106 -38.210371360202856 28.792589025627482 49.831345581953734
19.440237776485635 1.4355006164345618 -4.510554641238527 9.321084734600834  -5.340033418373058 16.68951280061447 -29.16969397352864 -33.93094487174336 -19.98691474624659 -33.05609066215296 -0.8147630140019242 30.5628609072473 -1.9432159707883545
-15.052164866977588 -1.6952984703169012 -1.320377002298197 9.209554304822904  -17.176991837941976 8.258973561938646 -24.238537600375416 -1.1456596855008456 -46.56450782374727 -25.400279844382528 -20.28505662781986 19.606704493313046 36.198215180612486
-21.383889897600003 -3.942809092800002 0.34994090720000187 6.7946439136000025  -27.7465681856 -0.6506216111999965 -24.676045147199993 8.474350016 -61.31769346400001 -31.1669875472 -15.305073902400004 6.872071761600001 59.913633414399996
-15.956196946522178 -3.4968449006496014 -1.399314294393662 22.574777506973444  -25.42915356502707 0.7300591483152036 -24.977072131519098 5.517724532035713 -55.246552812987396 -30.23089991580589 -13.33741232628538 9.472299931626432 51.17401075105619
25.32059867326013 26.780016732516803 0.9789924398153949 -3.07912336916032  -8.523692259315585 -20.846650614133594 -17.049444516980287 -13.714141955718336 -36.70292741877863 -38.81815206798154 54.963098009797726 -12.751941477678496 51.85846313344822
25.32059867326013 26.780016732516803 0.9789924398153949 -3.07912336916032  -15.523692259315585 -8.846650614133594 -17.049444516980287 -30.714141955718336 -36.70292741877863 -38.81815206798154 54.963098009797726 -12.751941477678496 51.85846313344822
18.100542800800003 2.0664324784000017 -7.524167013599999 8.101499107200002  -5.236417747200003 17.062604341600007 -32.2300445264 -33.820603384 -16.852310448 -35.844409434400006 -2.809288568800004 46.4564594632 -6.6858206472000035
21.008531685638406 1.4111992296032019 -9.615237149692799 7.859667395385603  -5.051455566745602 16.605802737276807 -32.03039806262721 -42.392178948672 -13.964253661904 -32.9469906585312 4.483767604777596 13.4178123160736 -7.751393729945602
15.351971076000002 2.6857455680000015 -5.5477302119999985 8.330073504000001  -5.411240224000002 17.494363892000006 -32.418746288 -37.8928382 -19.58204276 -38.582990508 8.993115803999995 26.114916124 -5.678662724000004
24.822167293397122 25.57530317429096 0.6526563072246252 -2.508663525502304  -8.368069657549805 -18.929599888826914 -17.81790960553127 -14.92307676793242 -35.846883185839694 -38.80639398998247 52.66459889950784 -10.808598597594571 48.98160684057581
17.432729688256003 -0.001088646399997728 -12.757184337215998 20.761769679360004  -13.198576375168003 14.267755572800002 -21.940494968576 -14.492845372672003 -16.581100101248 -21.503801019071997 2.4500094034560007 29.418203987008 -15.608014799551995
15.913775901309123 -4.039699669887998 -7.494282825808318 11.686631471347201  -7.5138209848153625 16.623179645816005 -29.58961843175552 -31.57484013662144 -18.77178824213696 -33.97160934598944 7.226477075853116 27.006803847012158 -8.359587784399043
-77.80164648799999 15.687514984 0.24679129600000027 -2.122860176  -63.29329604 -5.782951152 -30.11339224 58.292622664 -70.44883409599998 -41.793365648 -93.887571536 41.869730664 78.506645496
-1.6141455469951964 3.1366320796800022 -25.156389210572797 16.184843708288003  -23.217520308134404 10.257614227840001 -23.5750744228608 0.06424823466239893 -27.3546469001984 -25.561713944857598 -16.8175067844352 41.9085093224064 6.214917259558405
-33.926198480692 -12.834467260980002 -0.22729791385599818 8.476482722824002  -29.792210948876004 5.787918607704001 -41.901984609032 14.757812604987999 -70.920477577832 -27.224752485848 -35.390740776856 22.044411748684 55.901909071396
-6.772849388250613 -6.908694836013 -6.807245207534861 10.741541723201363  -19.754218252892315 8.169471012920322 -53.98481541722079 -11.775531290696488 -42.62853482786491 -25.41125974172317 -18.243802839412734 25.09763895402471 23.557230747844635
-57.77607558874139 15.685639122985963 0.4965684370836221 -1.5550246718391703  -45.25230512128894 -7.739860392528969 -30.245005342529435 43.46010297339115 -65.55346543597119 -40.45235419516541 -64.70173471400022 30.883841301183182 74.1594145065406
-19.04771241094131 8.663244941149241 -4.547314071452953 3.0478703072932243  -25.546007842308562 12.170050820543828 -31.111341099964413 1.0272611770854887 -40.15169533405331 -36.65127082741676 -30.490090966924914 28.90688387221062 33.977715791484506
15.54472460485782 -0.4817837897425232 -12.060907634239122 20.558854351909797  -13.385748397387946 14.114245508381993 -22.425692868299542 -13.653710109669161 -16.726670156445284 -21.459699495323306 1.3284235994090134 28.472116110655953 -11.977447580784437
18.91756325574051 0.6014598771679667 -10.72524303794764 13.053927029302217  -8.459026263268258 15.560828365034222 -13.082226201333214 -31.04916581886836 -14.948674554770566 -28.088551100940954 3.5642420532208936 27.514615844304142 -9.53874434086082
-25.355090331908162 -2.630472223502403 -0.3674667984588777 9.176240020603522  -20.712706690540482 5.74076054259392 -22.765594787615363 8.647347577922242 -54.50326939235137 -23.113479210503044 -26.100858616362878 16.33408634369632 47.59111019986209
2.456992681198546 -0.9213728983858395 -8.420783198651005 16.706834298795236  -15.82852198554837 23.283307312227873 -12.229279905239778 -6.393777839964018 -29.85385935313418 -22.067188386072864 -7.542794403480606 24.838762811848913 6.511678950242931
-34.0341815716 -12.078752874000003 0.194975091200002 5.664585815200002  -24.581279874800003 5.2739283192 -43.5485816936 15.5943133324 -78.04421105360001 -25.1138710904 -33.816763448799996 18.7111571932 50.1979709908
-21.193781883224 -8.239983279080002 -1.2981282876319984 6.357612614288002  -19.597069565592 8.451241568128001 -40.654824488144 1.6876539339759997 -62.844047297264005 -28.615842138976 -22.686194843072 20.636134515208 34.670046224952
29.094829700000005 -0.4108198799999969 -15.429914219999999 7.187201520000004  -4.537127840000003 15.335566140000005 -31.475237480000004 -17.531664120000002 -5.9333811999999995 -24.890085140000004 -0.018906060000001723 27.822632819999995 -10.714452339999998
29.094829700000005 -0.4108198799999969 -15.429914219999999 7.187201520000004  -4.537127840000003 15.335566140000005 -31.475237480000004 -17.531664120000002 -5.9333811999999995 -24.890085140000004 -0.018906060000001723 27.822632819999995 -10.714452339999998
23.846884694715207 -0.2264408248799973 -14.227185772747198 13.295757191712005  -8.434779680825603 10.855051384760005 -27.184603349859206 -16.164195683702403 -10.7248547055616 -23.3662572855824 1.0921058985551992 28.5406398451536 -12.916555446798398
25.84110379672343 -0.29650486582559715 -14.684222582703264 10.974506036461444  -6.953671981311874 12.557646991751206 -28.815044319312708 -16.68383368949549 -8.904094773448193 -23.945311870261087 0.6699213543042228 28.26779717559523 -32.07975626621501